0.863304 0.852356 0.894485 0.982875 1.057565 1.108920 1.194746 1.221994 1.163694 1.169455 1.163694 1.221994 1.194746 1.108920 1.057565 0.982875 0.894485 0.852356 0.863304 
0.852356 0.838164 0.819279 0.897669 0.864844 0.959040 1.024467 1.017184 0.973096 0.962149 0.973096 1.017184 1.024467 0.959040 0.864844 0.897669 0.819279 0.838164 0.852356 
0.894485 0.819279 0.721592 0.654667 0.823427 0.866960 0.917087 0.876052 0.936051 0.939348 0.936051 0.876052 0.917087 0.866960 0.823427 0.654667 0.721592 0.819279 0.894485 
0.982875 0.897669 0.654667 0.792846 0.966380 0.977918 1.194265 1.168453 0.947694 0.882699 0.947694 1.168453 1.194265 0.977918 0.966380 0.792846 0.654667 0.897669 0.982875 
1.057565 0.864844 0.823427 0.966380 1.274913 1.243733 1.397847 1.410164 1.298629 1.457796 1.298629 1.410164 1.397847 1.243733 1.274913 0.966380 0.823427 0.864844 1.057565 
1.108920 0.959040 0.866960 0.977918 1.243733 1.340000 1.633480 1.367299 1.576397 1.695363 1.576397 1.367299 1.633480 1.340000 1.243733 0.977918 0.866960 0.959040 1.108920 
1.194746 1.024467 0.917087 1.194265 1.397847 1.633480 1.567534 1.620559 1.953424 1.967457 1.953424 1.620559 1.567534 1.633480 1.397847 1.194265 0.917087 1.024467 1.194746 
1.221994 1.017184 0.876052 1.168453 1.410164 1.367299 1.620559 1.720468 1.871734 1.768190 1.871734 1.720468 1.620559 1.367299 1.410164 1.168453 0.876052 1.017184 1.221994 
1.163694 0.973096 0.936051 0.947694 1.298629 1.576397 1.953424 1.871734 1.745086 1.791414 1.745086 1.871734 1.953424 1.576397 1.298629 0.947694 0.936051 0.973096 1.163694 
1.169455 0.962149 0.939348 0.882699 1.457796 1.695363 1.967457 1.768190 1.791414 1.720440 1.791414 1.768190 1.967457 1.695363 1.457796 0.882699 0.939348 0.962149 1.169455 
1.163694 0.973096 0.936051 0.947694 1.298629 1.576397 1.953424 1.871734 1.745086 1.791414 1.745086 1.871734 1.953424 1.576397 1.298629 0.947694 0.936051 0.973096 1.163694 
1.221994 1.017184 0.876052 1.168453 1.410164 1.367299 1.620559 1.720468 1.871734 1.768190 1.871734 1.720468 1.620559 1.367299 1.410164 1.168453 0.876052 1.017184 1.221994 
1.194746 1.024467 0.917087 1.194265 1.397847 1.633480 1.567534 1.620559 1.953424 1.967457 1.953424 1.620559 1.567534 1.633480 1.397847 1.194265 0.917087 1.024467 1.194746 
1.108920 0.959040 0.866960 0.977918 1.243733 1.340000 1.633480 1.367299 1.576397 1.695363 1.576397 1.367299 1.633480 1.340000 1.243733 0.977918 0.866960 0.959040 1.108920 
1.057565 0.864844 0.823427 0.966380 1.274913 1.243733 1.397847 1.410164 1.298629 1.457796 1.298629 1.410164 1.397847 1.243733 1.274913 0.966380 0.823427 0.864844 1.057565 
0.982875 0.897669 0.654667 0.792846 0.966380 0.977918 1.194265 1.168453 0.947694 0.882699 0.947694 1.168453 1.194265 0.977918 0.966380 0.792846 0.654667 0.897669 0.982875 
0.894485 0.819279 0.721592 0.654667 0.823427 0.866960 0.917087 0.876052 0.936051 0.939348 0.936051 0.876052 0.917087 0.866960 0.823427 0.654667 0.721592 0.819279 0.894485 
0.852356 0.838164 0.819279 0.897669 0.864844 0.959040 1.024467 1.017184 0.973096 0.962149 0.973096 1.017184 1.024467 0.959040 0.864844 0.897669 0.819279 0.838164 0.852356 
0.863304 0.852356 0.894485 0.982875 1.057565 1.108920 1.194746 1.221994 1.163694 1.169455 1.163694 1.221994 1.194746 1.108920 1.057565 0.982875 0.894485 0.852356 0.863304 
